4000 4000 0.01
100
2 3 6 12 8 36 88
9 5 7 51 50 -67 -54
6 5 5 93 90 -16 -22
4 6 7 131 129 53 -64
3 7 7 169 171 44 2
2 2 5 212 213 13 -39
3 3 6 253 248 73 8
9 2 3 290 288 -54 -68
3 5 6 328 329 39 5
3 6 5 370 369 26 9
5 2 4 411 410 -24 -69
7 2 3 449 453 48 4
2 3 7 491 488 -66 30
8 7 5 532 530 46 58
4 3 5 568 573 5 -46
9 3 7 610 608 63 6
2 4 5 650 653 -21 -73
5 3 3 693 691 -32 40
7 7 4 728 731 -42 10
8 5 4 773 768 -64 32
3 5 4 812 808 72 -7
5 5 6 848 851 -20 -77
5 3 6 893 890 -53 96
6 6 7 929 928 39 10
2 2 4 968 972 79 84
5 4 3 1010 1012 -12 36
3 7 2 1048 1053 -76 -2
7 4 2 1091 1088 36 -2
5 5 7 1129 1128 -53 64
9 5 4 1169 1168 -78 -38
3 3 4 1211 1208 -58 22
2 4 6 1251 1253 -22 -32
7 7 4 1293 1293 43 93
3 6 7 1331 1330 81 -71
3 2 6 1371 1372 33 95
4 5 2 1408 1413 -9 -67
8 6 2 1448 1453 79 -23
3 6 6 1493 1490 -48 -38
4 6 3 1529 1529 7 12
9 2 5 1569 1571 -33 71
5 5 7 1609 1609 -96 7
4 2 7 1652 1648 -97 63
6 3 7 1689 1693 -52 36
7 3 7 1733 1733 -3 94
5 2 3 1772 1768 -26 18
5 6 3 1808 1809 -7 -90
4 2 7 1851 1850 -87 -55
3 2 3 1890 1891 -69 6
2 5 6 1931 1928 47 30
3 6 7 1969 1970 41 -51
8 6 2 2010 2010 52 -3
7 3 3 2048 2053 45 -54
6 7 6 2093 2091 79 -23
5 3 2 2129 2131 95 -27
3 5 5 2171 2172 -68 67
4 3 4 2208 2209 -48 -70
8 6 7 2253 2249 58 -4
2 2 7 2290 2288 -2 -67
3 7 3 2330 2328 -90 52
2 2 4 2371 2369 -48 -38
8 5 2 2413 2413 -94 54
3 4 7 2453 2453 73 -48
5 4 2 2492 2488 -95 -79
2 5 4 2528 2528 45 51
7 6 2 2571 2571 49 -28
9 4 6 2611 2613 41 24
8 5 5 2651 2650 -6 -87
8 4 6 2690 2690 19 31
7 7 3 2732 2729 20 1
2 7 5 2771 2773 18 97
2 3 5 2810 2809 -26 75
9 2 6 2848 2850 -4 4
3 3 7 2893 2890 72 18
9 7 6 2928 2931 -28 -2
9 3 6 2970 2970 66 -67
9 3 6 3010 3013 93 -64
7 2 3 3052 3049 -7 -57
7 3 2 3089 3088 -6 61
5 3 4 3131 3129 -63 98
8 5 7 3168 3172 -72 94
5 3 6 3209 3213 57 -54
7 2 3 3248 3253 -18 -48
2 2 2 3291 3288 -47 -91
9 4 3 3333 3329 -84 34
3 6 2 3368 3369 76 72
6 2 2 3409 3409 -100 86
9 7 7 3452 3452 -93 5
6 6 6 3489 3489 98 96
2 4 3 3532 3532 -91 78
3 2 2 3570 3571 -11 -25
6 2 2 3609 3609 -51 -7
5 3 4 3652 3651 -72 -64
8 2 7 3691 3693 -50 12
5 7 7 3733 3732 -70 -74
7 7 4 3773 3770 -1 32
4 4 2 3813 3811 99 19
2 5 2 3849 3849 -75 85
4 6 7 3890 3891 84 48
9 6 2 3931 3930 -88 32
9 3 7 3972 3970 55 48
0.01 100 10000