4000 4000 0.01
100
7 3 3 10 11 65 49
4 3 7 50 53 44 -38
5 4 7 92 92 -39 -63
5 2 3 133 132 6 48
6 7 5 168 168 -9 29
2 6 6 211 208 -93 80
2 2 4 252 250 94 92
4 7 3 289 293 -98 -9
2 2 5 333 328 2 -16
9 3 3 371 369 15 73
9 2 5 411 410 -24 6
7 6 6 449 453 95 3
2 7 5 491 490 -57 -49
8 5 6 532 530 94 -18
6 5 4 571 573 -92 83
4 6 3 610 613 -85 94
6 7 3 653 648 21 -84
5 3 4 692 692 -15 -83
3 5 3 732 728 3 -80
2 7 5 768 768 -69 -54
3 7 7 808 813 -89 -50
7 3 4 853 848 -63 51
6 4 3 889 889 30 61
3 7 7 931 933 39 52
4 7 3 970 968 -49 -46
6 4 7 1009 1009 -56 30
5 2 7 1051 1052 -19 35
4 3 3 1090 1089 17 46
6 7 3 1133 1130 83 -1
6 7 3 1173 1168 -30 -44
5 2 2 1208 1213 -25 -10
8 5 2 1248 1248 -39 -30
4 5 4 1291 1288 -73 76
9 5 3 1330 1329 58 -83
6 3 6 1370 1372 -56 -32
6 3 7 1409 1411 -9 32
7 5 4 1450 1452 43 95
7 6 7 1488 1490 -67 28
6 2 2 1533 1533 91 77
6 3 2 1573 1569 -70 13
3 4 4 1611 1612 -23 -23
4 3 5 1652 1648 -26 94
5 2 2 1693 1691 81 -46
9 3 4 1729 1733 -62 95
7 2 4 1768 1768 86 98
6 6 6 1812 1808 83 -86
9 7 2 1848 1848 -88 -4
2 6 6 1893 1890 95 -28
7 2 4 1930 1932 -66 -18
6 5 5 1969 1969 80 -63
2 4 6 2011 2010 -29 85
3 3 6 2049 2051 59 -45
6 2 5 2091 2093 36 -98
6 6 4 2128 2130 66 94
6 3 2 2172 2170 -86 53
4 6 6 2212 2212 60 95
2 5 7 2251 2253 93 -93
9 5 7 2293 2293 -62 -56
4 2 5 2332 2329 -1 -79
8 5 6 2372 2373 -23 5
5 5 2 2412 2413 -6 -74
9 2 5 2452 2451 -64 -16
6 2 3 2489 2491 31 41
6 5 3 2531 2528 -18 -86
3 4 2 2568 2570 -43 -76
8 5 2 2611 2609 99 7
4 3 3 2652 2648 77 -53
5 6 4 2691 2689 -17 95
7 4 5 2733 2731 37 96
9 5 2 2768 2772 -60 98
4 2 5 2812 2810 -56 14
6 7 6 2852 2851 34 73
2 3 4 2888 2893 85 66
9 6 3 2931 2929 77 -29
5 5 3 2972 2973 -53 61
2 6 3 3009 3013 -87 47
8 6 7 3049 3052 8 37
5 7 4 3091 3089 80 -40
8 6 3 3128 3128 29 81
2 7 3 3168 3169 45 93
9 5 3 3213 3211 -53 0
4 2 2 3249 3252 -100 -68
8 5 2 3291 3289 89 16
6 6 2 3331 3331 49 -22
9 6 7 3368 3370 63 61
3 5 4 3413 3411 78 -55
6 4 5 3449 3450 -64 -43
5 7 2 3489 3493 -77 64
6 6 6 3531 3532 -40 98
4 3 3 3573 3571 82 42
4 2 7 3612 3608 -57 -60
4 4 2 3653 3651 -2 4
7 3 4 3688 3692 -88 79
6 7 7 3731 3730 71 -53
9 3 3 3771 3773 66 87
7 2 7 3809 3811 67 30
9 3 2 3848 3849 -37 49
5 4 2 3893 3889 41 -9
2 6 2 3929 3929 28 -55
3 3 7 3973 3973 -40 -68
0.001 100 800000