4000 4000 0.01
100
7 4 4 10 10 -2 -30
8 3 3 53 51 93 37
4 6 6 92 92 -30 -68
5 4 4 128 132 -60 94
2 7 6 172 169 -6 -85
7 3 4 211 212 46 64
3 7 3 251 253 43 93
2 5 2 289 288 -12 -25
8 6 5 332 330 19 79
5 5 2 368 371 72 -94
2 2 2 410 408 -18 -85
5 5 5 448 450 -39 46
5 6 4 489 492 10 34
3 2 4 530 533 -68 37
9 3 7 568 570 -26 -80
2 5 3 613 610 -44 -69
5 4 5 653 649 -24 -2
2 3 3 689 692 14 25
7 7 3 729 728 -44 82
3 4 4 773 771 -28 65
5 5 7 811 812 -25 57
6 3 3 850 853 -79 97
4 5 7 888 893 -61 59
5 3 2 928 930 7 42
7 7 3 973 971 88 -30
3 3 2 1013 1009 -28 53
3 5 4 1049 1049 44 20
4 2 2 1091 1092 45 14
2 4 6 1129 1128 72 94
9 2 6 1170 1172 -20 33
2 6 2 1209 1210 -64 70
4 5 2 1251 1253 -43 -85
8 7 5 1293 1292 97 -24
3 5 3 1328 1333 57 -71
6 6 2 1369 1368 -13 -97
6 2 5 1409 1413 -30 87
4 6 7 1452 1448 10 -71
5 7 7 1489 1493 77 -72
7 6 6 1531 1528 -5 -91
5 6 2 1571 1568 44 -46
9 5 4 1611 1613 77 -70
8 5 7 1652 1649 -92 48
7 6 7 1688 1693 -12 28
6 3 4 1733 1730 -19 -35
4 7 7 1769 1771 -79 -27
6 7 7 1808 1808 -93 -86
5 4 4 1853 1850 52 -87
5 2 4 1888 1891 -31 55
4 6 2 1932 1930 -6 22
6 2 3 1972 1969 56 -88
8 6 7 2012 2013 61 -62
9 3 2 2048 2052 -1 -61
8 2 5 2088 2090 95 -43
6 5 3 2130 2132 93 -89
2 7 5 2168 2173 -65 -94
5 5 5 2212 2211 39 -40
4 6 7 2249 2251 11 42
7 2 4 2292 2289 96 42
6 6 4 2328 2328 -6 -77
9 6 3 2373 2369 -33 -37
4 6 4 2412 2408 -33 38
8 5 2 2453 2453 91 -9
7 7 6 2491 2491 -7 -36
9 3 2 2531 2533 73 -88
2 5 7 2568 2573 69 -82
3 3 4 2612 2609 28 -93
7 3 6 2651 2650 45 -70
7 2 2 2688 2693 37 48
9 3 6 2730 2729 99 -17
8 7 2 2773 2771 79 97
2 5 6 2808 2812 91 -58
4 3 6 2852 2849 0 72
6 4 7 2889 2891 -28 0
2 4 3 2929 2930 -46 74
6 4 3 2973 2970 -36 33
4 2 7 3010 3012 -96 84
9 6 2 3048 3049 -51 95
4 6 3 3088 3090 -46 95
3 4 4 3130 3129 71 -100
9 6 2 3170 3172 -50 62
7 4 2 3209 3211 4 20
3 3 6 3250 3248 -27 68
2 2 5 3290 3293 62 -53
7 3 5 3329 3328 78 56
4 4 7 3368 3371 -31 98
8 6 7 3413 3412 50 1
4 3 5 3452 3448 -26 -44
7 4 4 3492 3492 80 31
6 2 7 3532 3532 -76 92
6 7 4 3568 3572 -76 -81
7 2 5 3611 3613 -74 59
4 6 2 3648 3652 -14 -36
8 2 7 3691 3690 69 98
7 3 5 3729 3728 -47 -28
3 7 3 3769 3772 -34 43
6 2 7 3809 3810 -23 24
5 5 4 3851 3850 -19 -17
7 5 3 3893 3888 -41 30
7 3 7 3933 3931 -6 59
3 7 5 3973 3973 -13 -92
0.01 10000 100000