4000 4000 0.01
100
7 6 2 11 11 -68 -90
6 3 3 50 53 -47 58
4 5 3 89 90 -87 -76
7 6 4 130 129 -85 95
8 5 7 168 168 64 89
9 2 5 213 212 -78 42
9 5 5 250 251 60 -4
6 7 5 288 289 99 -37
9 3 2 333 331 84 -23
4 6 2 371 373 -26 28
2 4 2 410 408 -3 -44
6 6 3 448 452 -7 -36
6 2 6 490 490 -66 -24
3 5 7 528 529 -25 -3
5 7 7 571 569 -43 -49
2 3 4 612 612 -9 -21
3 5 7 653 651 -71 -21
7 2 4 691 688 -55 -6
2 7 3 728 728 -92 -47
5 6 3 771 771 86 68
4 5 7 813 810 -54 -30
9 5 3 849 852 79 59
5 3 5 890 892 -39 -28
2 6 7 933 931 0 38
3 2 6 969 970 76 -53
7 3 5 1010 1011 98 -71
7 4 2 1052 1050 8 -53
6 4 7 1091 1092 36 -79
8 2 4 1133 1132 -46 -86
5 2 6 1169 1170 62 64
9 4 5 1208 1212 65 25
2 7 6 1253 1252 -40 -39
3 4 4 1290 1288 50 74
8 5 7 1329 1329 -22 70
5 5 3 1368 1371 8 -22
4 3 5 1413 1408 84 -19
2 6 4 1451 1452 11 -59
3 2 7 1492 1488 51 37
3 5 3 1529 1533 -1 3
7 4 7 1571 1568 89 -78
3 5 5 1611 1608 -76 11
5 7 5 1653 1650 -7 3
4 5 6 1690 1693 -34 48
8 7 7 1729 1731 -19 -99
4 2 2 1770 1772 91 94
4 2 2 1812 1810 98 -11
3 3 7 1849 1853 -49 -92
4 3 7 1892 1893 -42 69
6 3 5 1932 1933 12 -90
3 3 5 1969 1973 71 30
6 4 4 2008 2008 67 -20
4 3 5 2051 2051 -29 -85
9 2 6 2092 2092 24 -54
9 4 3 2129 2129 3 -7
6 4 7 2173 2169 -37 38
9 4 6 2210 2212 -16 20
5 7 3 2251 2249 3 68
3 7 4 2293 2289 -6 99
2 5 6 2330 2331 51 -77
5 5 6 2368 2371 -44 57
6 4 7 2410 2413 -23 14
4 4 7 2451 2449 37 -44
7 5 5 2489 2488 49 14
7 2 4 2532 2532 -95 62
4 7 6 2569 2570 -15 46
3 7 3 2610 2611 96 61
2 7 5 2653 2648 -90 49
6 5 3 2691 2693 91 40
4 3 5 2732 2728 78 59
5 3 2 2770 2771 23 -38
3 3 2 2812 2808 -93 -18
7 7 5 2850 2852 -13 -81
8 7 4 2891 2893 55 -19
4 7 3 2932 2931 32 -60
8 4 4 2969 2971 23 19
7 5 4 3010 3012 82 -31
5 7 5 3053 3052 -62 35
7 2 6 3093 3090 -80 -69
5 4 3 3132 3132 2 68
5 3 5 3171 3172 80 -91
9 6 6 3213 3212 38 -56
4 3 5 3252 3251 32 -85
4 7 7 3290 3290 15 -79
7 7 5 3331 3332 -14 -50
8 3 3 3373 3372 -69 -44
7 4 5 3408 3409 -76 -8
8 5 2 3450 3453 -79 80
5 6 2 3491 3488 55 -49
4 5 2 3533 3530 85 -42
6 4 2 3573 3568 -63 -20
9 7 3 3610 3611 28 97
5 2 2 3649 3649 -87 39
6 4 4 3688 3691 -100 -28
3 4 7 3729 3728 15 -34
8 3 6 3773 3771 -65 29
5 7 5 3810 3810 -27 96
6 4 3 3851 3848 95 45
4 3 5 3888 3893 71 73
3 3 6 3933 3932 43 42
5 2 2 3969 3968 0 -25
0.001 10000 300000